0
0
0
0
0
0
0
0
0
0
0
0
0
0
0
0
0
0
0
0
0
1
1
0
1
2
1
4
2
6
4
10
23
25
36
42
66
80
144
211
330
480
637
956
1272
1821
2406
3228
4336
5585
7091
9090
11592
14802
17988
20950
23040
25514
28113
31877
35109
39305
42770
46026
48449
49957
52767
55581
59457
60859
62539
63987
64893
65719
64057
62224
61933
61608
64898
67012
68538
67397
68087
68656
69556
69975
70078
71569
73592
75481
76049
77515
77406
78760
80003
80505
78508
75718
73034
70923
67227
63889
60407
59410
59144
59689
59383
59102
59053
59843
59817
58784
58054
57481
56576
56771
56844
57308
57261
58434
58834
59602
60053
60131
60341
60269
61821
63890
63255
61802
60436
59796
57716
56833
56147
55855
55569
55585
55703
55548
54525
53802
53525
53572
55577
57365
59005
60335
62396
62808
63213
62230
61382
59618
58668
58879
60585
60915
63595
63548
61331
60052
58016
58626
59275
60477
60659
59910
59080
57906
56921
57254
57562
55923
55252
54911
56572
58139
59292
57940
57362
58352
59417
61934
63349
65768
67844
69627
70770
73861
79724
83975
81938
82090
85119
88760
92350
93152
92570
94347
94064
91495
91539
89019
86769
85507
84338
84446
88471
89830
93187
91922
88434
82614
82029
80061
83148
85881
83777
82420
87833
96005
112389
114035
109010
107654
122036
143027
138269
91159
53113
35813
26066
19189
16745
15045
14286
13167
12337
12081
11771
9824
7979
7891
7102
7424
6270
2254
2197
2374
530
55
7
0
0
0
